<?xml version="1.0"?>
<opencv_storage>
<resolution>5.0000000745058060e-02</resolution>
<origin>
  -2.0600000381469727e+01 -1.0850000381469727e+01 0</origin>
<edge>
  0. 0. 0</edge>
</opencv_storage>
